# Delta-Pu (delta-Pu) optical constants
# From: Spectroscopic ellipsometry extraction of optical constants
# for materials from oxide covered samples: Application to the
# plutonium/oxides system, J. Appl. Phys. 125, 183102 (2019)
# Appendix C: n = -0.6702078 + 0.005482374*lambda - 1.374023e-6*lambda^2
#            k = -0.1313834 + 0.01075337*lambda - 8.596842e-6*lambda^2
# lambda range: 435-850 nm
#
# Format: wavelength(um)  n  k
0.435000  1.454625  2.919595
0.435832  1.458190  2.922312
0.436663  1.461752  2.925017
0.437495  1.465313  2.927710
0.438327  1.468871  2.930392
0.439158  1.472428  2.933061
0.439990  1.475983  2.935719
0.440822  1.479536  2.938365
0.441653  1.483087  2.940998
0.442485  1.486636  2.943620
0.443317  1.490184  2.946230
0.444148  1.493729  2.948828
0.444980  1.497272  2.951414
0.445812  1.500814  2.953989
0.446643  1.504354  2.956551
0.447475  1.507891  2.959102
0.448307  1.511427  2.961640
0.449138  1.514961  2.964167
0.449970  1.518493  2.966682
0.450802  1.522023  2.969185
0.451633  1.525552  2.971676
0.452465  1.529078  2.974155
0.453297  1.532602  2.976622
0.454128  1.536125  2.979078
0.454960  1.539646  2.981521
0.455792  1.543164  2.983953
0.456623  1.546681  2.986373
0.457455  1.550196  2.988780
0.458287  1.553709  2.991176
0.459118  1.557220  2.993560
0.459950  1.560730  2.995933
0.460782  1.564237  2.998293
0.461613  1.567742  3.000641
0.462445  1.571246  3.002978
0.463277  1.574748  3.005302
0.464108  1.578247  3.007615
0.464940  1.581745  3.009916
0.465772  1.585241  3.012205
0.466603  1.588735  3.014482
0.467435  1.592227  3.016747
0.468267  1.595718  3.019000
0.469098  1.599206  3.021241
0.469930  1.602692  3.023471
0.470762  1.606177  3.025688
0.471593  1.609660  3.027894
0.472425  1.613140  3.030088
0.473257  1.616619  3.032269
0.474088  1.620096  3.034439
0.474920  1.623571  3.036597
0.475752  1.627044  3.038744
0.476583  1.630515  3.040878
0.477415  1.633985  3.043000
0.478246  1.637452  3.045111
0.479078  1.640918  3.047210
0.479910  1.644381  3.049296
0.480741  1.647843  3.051371
0.481573  1.651303  3.053434
0.482405  1.654761  3.055485
0.483236  1.658217  3.057524
0.484068  1.661671  3.059552
0.484900  1.665123  3.061567
0.485731  1.668574  3.063570
0.486563  1.672022  3.065562
0.487395  1.675469  3.067542
0.488226  1.678913  3.069509
0.489058  1.682356  3.071465
0.489890  1.685797  3.073409
0.490721  1.689236  3.075342
0.491553  1.692673  3.077262
0.492385  1.696108  3.079170
0.493216  1.699541  3.081067
0.494048  1.702972  3.082951
0.494880  1.706402  3.084824
0.495711  1.709829  3.086685
0.496543  1.713255  3.088533
0.497375  1.716679  3.090370
0.498206  1.720100  3.092196
0.499038  1.723520  3.094009
0.499870  1.726938  3.095810
0.500701  1.730354  3.097599
0.501533  1.733769  3.099377
0.502365  1.737181  3.101143
0.503196  1.740591  3.102896
0.504028  1.744000  3.104638
0.504860  1.747406  3.106368
0.505691  1.750811  3.108086
0.506523  1.754214  3.109792
0.507355  1.757615  3.111487
0.508186  1.761014  3.113169
0.509018  1.764411  3.114840
0.509850  1.767806  3.116498
0.510681  1.771199  3.118145
0.511513  1.774591  3.119780
0.512345  1.777980  3.121403
0.513176  1.781368  3.123014
0.514008  1.784754  3.124613
0.514840  1.788137  3.126200
0.515671  1.791519  3.127775
0.516503  1.794899  3.129339
0.517335  1.798277  3.130891
0.518166  1.801654  3.132430
0.518998  1.805028  3.133958
0.519830  1.808400  3.135474
0.520661  1.811771  3.136978
0.521493  1.815139  3.138470
0.522325  1.818506  3.139950
0.523156  1.821871  3.141419
0.523988  1.825234  3.142875
0.524820  1.828595  3.144320
0.525651  1.831954  3.145752
0.526483  1.835311  3.147173
0.527315  1.838666  3.148582
0.528146  1.842020  3.149979
0.528978  1.845371  3.151364
0.529810  1.848721  3.152737
0.530641  1.852069  3.154098
0.531473  1.855414  3.155448
0.532305  1.858758  3.156785
0.533136  1.862100  3.158111
0.533968  1.865440  3.159425
0.534800  1.868778  3.160727
0.535631  1.872115  3.162016
0.536463  1.875449  3.163295
0.537295  1.878782  3.164561
0.538126  1.882112  3.165815
0.538958  1.885441  3.167057
0.539790  1.888768  3.168288
0.540621  1.892093  3.169506
0.541453  1.895415  3.170713
0.542285  1.898737  3.171908
0.543116  1.902056  3.173091
0.543948  1.905373  3.174262
0.544780  1.908688  3.175421
0.545611  1.912002  3.176568
0.546443  1.915313  3.177704
0.547275  1.918623  3.178827
0.548106  1.921931  3.179939
0.548938  1.925237  3.181038
0.549770  1.928541  3.182126
0.550601  1.931843  3.183202
0.551433  1.935143  3.184266
0.552265  1.938441  3.185318
0.553096  1.941738  3.186358
0.553928  1.945032  3.187387
0.554760  1.948325  3.188403
0.555591  1.951615  3.189408
0.556423  1.954904  3.190400
0.557255  1.958191  3.191381
0.558086  1.961476  3.192350
0.558918  1.964759  3.193307
0.559749  1.968040  3.194252
0.560581  1.971319  3.195185
0.561413  1.974597  3.196106
0.562244  1.977872  3.197016
0.563076  1.981146  3.197913
0.563908  1.984417  3.198799
0.564739  1.987687  3.199673
0.565571  1.990955  3.200534
0.566403  1.994221  3.201384
0.567234  1.997485  3.202222
0.568066  2.000747  3.203048
0.568898  2.004007  3.203863
0.569729  2.007266  3.204665
0.570561  2.010522  3.205456
0.571393  2.013777  3.206234
0.572224  2.017029  3.207001
0.573056  2.020280  3.207756
0.573888  2.023529  3.208499
0.574719  2.026776  3.209230
0.575551  2.030021  3.209949
0.576383  2.033264  3.210656
0.577214  2.036505  3.211351
0.578046  2.039745  3.212035
0.578878  2.042982  3.212706
0.579709  2.046218  3.213366
0.580541  2.049451  3.214014
0.581373  2.052683  3.214650
0.582204  2.055913  3.215273
0.583036  2.059141  3.215886
0.583868  2.062367  3.216486
0.584699  2.065591  3.217074
0.585531  2.068813  3.217650
0.586363  2.072034  3.218215
0.587194  2.075252  3.218768
0.588026  2.078469  3.219308
0.588858  2.081683  3.219837
0.589689  2.084896  3.220354
0.590521  2.088107  3.220859
0.591353  2.091316  3.221352
0.592184  2.094523  3.221834
0.593016  2.097728  3.222303
0.593848  2.100931  3.222761
0.594679  2.104132  3.223206
0.595511  2.107332  3.223640
0.596343  2.110529  3.224062
0.597174  2.113725  3.224472
0.598006  2.116919  3.224870
0.598838  2.120111  3.225256
0.599669  2.123301  3.225630
0.600501  2.126489  3.225992
0.601333  2.129675  3.226343
0.602164  2.132859  3.226681
0.602996  2.136041  3.227008
0.603828  2.139222  3.227323
0.604659  2.142400  3.227626
0.605491  2.145577  3.227917
0.606323  2.148752  3.228196
0.607154  2.151924  3.228463
0.607986  2.155095  3.228718
0.608818  2.158264  3.228962
0.609649  2.161431  3.229193
0.610481  2.164597  3.229413
0.611313  2.167760  3.229621
0.612144  2.170921  3.229817
0.612976  2.174081  3.230001
0.613808  2.177238  3.230173
0.614639  2.180394  3.230333
0.615471  2.183548  3.230481
0.616303  2.186700  3.230617
0.617134  2.189850  3.230742
0.617966  2.192998  3.230855
0.618798  2.196144  3.230955
0.619629  2.199289  3.231044
0.620461  2.202431  3.231121
0.621293  2.205571  3.231186
0.622124  2.208710  3.231239
0.622956  2.211847  3.231281
0.623788  2.214982  3.231310
0.624619  2.218115  3.231327
0.625451  2.221246  3.231333
0.626283  2.224375  3.231327
0.627114  2.227502  3.231308
0.627946  2.230627  3.231278
0.628778  2.233751  3.231236
0.629609  2.236872  3.231183
0.630441  2.239992  3.231117
0.631273  2.243109  3.231039
0.632104  2.246225  3.230950
0.632936  2.249339  3.230848
0.633768  2.252451  3.230735
0.634599  2.255561  3.230610
0.635431  2.258669  3.230472
0.636263  2.261776  3.230323
0.637094  2.264880  3.230162
0.637926  2.267982  3.229990
0.638758  2.271083  3.229805
0.639589  2.274182  3.229608
0.640421  2.277279  3.229400
0.641253  2.280373  3.229180
0.642084  2.283466  3.228947
0.642916  2.286558  3.228703
0.643747  2.289647  3.228447
0.644579  2.292734  3.228179
0.645411  2.295819  3.227899
0.646242  2.298903  3.227608
0.647074  2.301984  3.227304
0.647906  2.305064  3.226988
0.648737  2.308142  3.226661
0.649569  2.311218  3.226322
0.650401  2.314292  3.225971
0.651232  2.317364  3.225608
0.652064  2.320434  3.225233
0.652896  2.323502  3.224846
0.653727  2.326569  3.224447
0.654559  2.329633  3.224036
0.655391  2.332696  3.223614
0.656222  2.335756  3.223179
0.657054  2.338815  3.222733
0.657886  2.341872  3.222275
0.658717  2.344927  3.221805
0.659549  2.347980  3.221323
0.660381  2.351031  3.220829
0.661212  2.354081  3.220323
0.662044  2.357128  3.219805
0.662876  2.360173  3.219276
0.663707  2.363217  3.218734
0.664539  2.366259  3.218181
0.665371  2.369298  3.217616
0.666202  2.372336  3.217039
0.667034  2.375372  3.216450
0.667866  2.378406  3.215849
0.668697  2.381438  3.215236
0.669529  2.384469  3.214611
0.670361  2.387497  3.213975
0.671192  2.390524  3.213326
0.672024  2.393548  3.212666
0.672856  2.396571  3.211993
0.673687  2.399592  3.211309
0.674519  2.402610  3.210613
0.675351  2.405627  3.209905
0.676182  2.408642  3.209185
0.677014  2.411656  3.208454
0.677846  2.414667  3.207710
0.678677  2.417676  3.206955
0.679509  2.420684  3.206187
0.680341  2.423689  3.205408
0.681172  2.426693  3.204617
0.682004  2.429695  3.203814
0.682836  2.432695  3.202999
0.683667  2.435692  3.202172
0.684499  2.438689  3.201333
0.685331  2.441683  3.200482
0.686162  2.444675  3.199620
0.686994  2.447665  3.198745
0.687826  2.450654  3.197859
0.688657  2.453640  3.196961
0.689489  2.456625  3.196051
0.690321  2.459608  3.195129
0.691152  2.462589  3.194195
0.691984  2.465567  3.193249
0.692816  2.468544  3.192291
0.693647  2.471520  3.191322
0.694479  2.474493  3.190340
0.695311  2.477464  3.189347
0.696142  2.480434  3.188341
0.696974  2.483401  3.187324
0.697806  2.486367  3.186295
0.698637  2.489331  3.185254
0.699469  2.492292  3.184202
0.700301  2.495252  3.183137
0.701132  2.498210  3.182060
0.701964  2.501167  3.180972
0.702796  2.504121  3.179871
0.703627  2.507073  3.178759
0.704459  2.510024  3.177635
0.705291  2.512972  3.176499
0.706122  2.515919  3.175351
0.706954  2.518863  3.174191
0.707786  2.521806  3.173019
0.708617  2.524747  3.171836
0.709449  2.527686  3.170640
0.710281  2.530623  3.169433
0.711112  2.533559  3.168213
0.711944  2.536492  3.166982
0.712776  2.539423  3.165739
0.713607  2.542353  3.164484
0.714439  2.545281  3.163217
0.715271  2.548206  3.161938
0.716102  2.551130  3.160648
0.716934  2.554052  3.159345
0.717766  2.556972  3.158031
0.718597  2.559890  3.156704
0.719429  2.562806  3.155366
0.720261  2.565721  3.154016
0.721092  2.568633  3.152654
0.721924  2.571544  3.151280
0.722756  2.574452  3.149894
0.723587  2.577359  3.148496
0.724419  2.580264  3.147087
0.725251  2.583167  3.145665
0.726082  2.586068  3.144232
0.726914  2.588967  3.142787
0.727745  2.591864  3.141330
0.728577  2.594759  3.139860
0.729409  2.597653  3.138380
0.730240  2.600544  3.136887
0.731072  2.603434  3.135382
0.731904  2.606322  3.133865
0.732735  2.609207  3.132337
0.733567  2.612091  3.130796
0.734399  2.614973  3.129244
0.735230  2.617853  3.127680
0.736062  2.620732  3.126104
0.736894  2.623608  3.124516
0.737725  2.626482  3.122916
0.738557  2.629355  3.121304
0.739389  2.632225  3.119681
0.740220  2.635094  3.118045
0.741052  2.637961  3.116398
0.741884  2.640826  3.114738
0.742715  2.643689  3.113067
0.743547  2.646550  3.111384
0.744379  2.649409  3.109689
0.745210  2.652266  3.107982
0.746042  2.655122  3.106263
0.746874  2.657975  3.104533
0.747705  2.660827  3.102790
0.748537  2.663677  3.101036
0.749369  2.666524  3.099269
0.750200  2.669370  3.097491
0.751032  2.672214  3.095701
0.751864  2.675056  3.093899
0.752695  2.677897  3.092085
0.753527  2.680735  3.090259
0.754359  2.683571  3.088421
0.755190  2.686406  3.086572
0.756022  2.689238  3.084710
0.756854  2.692069  3.082837
0.757685  2.694898  3.080951
0.758517  2.697725  3.079054
0.759349  2.700550  3.077145
0.760180  2.703373  3.075224
0.761012  2.706194  3.073291
0.761844  2.709013  3.071347
0.762675  2.711831  3.069390
0.763507  2.714646  3.067421
0.764339  2.717460  3.065441
0.765170  2.720271  3.063449
0.766002  2.723081  3.061445
0.766834  2.725889  3.059428
0.767665  2.728695  3.057400
0.768497  2.731499  3.055361
0.769329  2.734301  3.053309
0.770160  2.737102  3.051245
0.770992  2.739900  3.049170
0.771824  2.742696  3.047082
0.772655  2.745491  3.044983
0.773487  2.748284  3.042872
0.774319  2.751074  3.040748
0.775150  2.753863  3.038613
0.775982  2.756650  3.036466
0.776814  2.759435  3.034308
0.777645  2.762219  3.032137
0.778477  2.765000  3.029954
0.779309  2.767779  3.027760
0.780140  2.770557  3.025554
0.780972  2.773332  3.023335
0.781804  2.776106  3.021105
0.782635  2.778878  3.018863
0.783467  2.781648  3.016609
0.784299  2.784416  3.014343
0.785130  2.787182  3.012066
0.785962  2.789946  3.009776
0.786794  2.792708  3.007474
0.787625  2.795468  3.005161
0.788457  2.798227  3.002836
0.789289  2.800983  3.000499
0.790120  2.803738  2.998149
0.790952  2.806491  2.995788
0.791784  2.809242  2.993416
0.792615  2.811991  2.991031
0.793447  2.814738  2.988634
0.794279  2.817483  2.986226
0.795110  2.820226  2.983805
0.795942  2.822967  2.981373
0.796774  2.825707  2.978929
0.797605  2.828444  2.976473
0.798437  2.831180  2.974005
0.799269  2.833914  2.971525
0.800100  2.836646  2.969033
0.800932  2.839376  2.966529
0.801764  2.842104  2.964014
0.802595  2.844830  2.961486
0.803427  2.847554  2.958947
0.804259  2.850276  2.956396
0.805090  2.852997  2.953832
0.805922  2.855715  2.951257
0.806754  2.858432  2.948670
0.807585  2.861147  2.946072
0.808417  2.863860  2.943461
0.809248  2.866571  2.940838
0.810080  2.869280  2.938204
0.810912  2.871987  2.935557
0.811743  2.874692  2.932899
0.812575  2.877395  2.930229
0.813407  2.880097  2.927547
0.814238  2.882796  2.924853
0.815070  2.885494  2.922147
0.815902  2.888190  2.919429
0.816733  2.890884  2.916700
0.817565  2.893576  2.913958
0.818397  2.896266  2.911205
0.819228  2.898954  2.908439
0.820060  2.901640  2.905662
0.820892  2.904324  2.902873
0.821723  2.907007  2.900072
0.822555  2.909687  2.897259
0.823387  2.912366  2.894435
0.824218  2.915043  2.891598
0.825050  2.917717  2.888749
0.825882  2.920390  2.885889
0.826713  2.923061  2.883017
0.827545  2.925731  2.880132
0.828377  2.928398  2.877236
0.829208  2.931063  2.874328
0.830040  2.933726  2.871408
0.830872  2.936388  2.868476
0.831703  2.939048  2.865533
0.832535  2.941705  2.862577
0.833367  2.944361  2.859610
0.834198  2.947015  2.856630
0.835030  2.949667  2.853639
0.835862  2.952317  2.850636
0.836693  2.954965  2.847621
0.837525  2.957612  2.844594
0.838357  2.960256  2.841555
0.839188  2.962899  2.838504
0.840020  2.965539  2.835442
0.840852  2.968178  2.832367
0.841683  2.970815  2.829281
0.842515  2.973450  2.826183
0.843347  2.976083  2.823072
0.844178  2.978714  2.819950
0.845010  2.981343  2.816816
0.845842  2.983970  2.813670
0.846673  2.986596  2.810513
0.847505  2.989219  2.807343
0.848337  2.991841  2.804162
0.849168  2.994461  2.800968
0.850000  2.997078  2.797763
