# Pu oxide (41 nm surface oxide) optical constants
# From: Same 2019 paper, Appendix B
# lambda range: 435-850 nm
#
# Format: wavelength(um)  n  k
0.435000  1.385677  0.764443
0.435832  1.387430  0.767239
0.436663  1.389200  0.770025
0.437495  1.390988  0.772803
0.438327  1.392794  0.775570
0.439158  1.394617  0.778328
0.439990  1.396457  0.781076
0.440822  1.398313  0.783813
0.441653  1.400187  0.786541
0.442485  1.402076  0.789258
0.443317  1.403982  0.791964
0.444148  1.405904  0.794660
0.444980  1.407841  0.797346
0.445812  1.409795  0.800020
0.446643  1.411763  0.802684
0.447475  1.413747  0.805336
0.448307  1.415746  0.807977
0.449138  1.417759  0.810607
0.449970  1.419787  0.813225
0.450802  1.421830  0.815832
0.451633  1.423887  0.818428
0.452465  1.425958  0.821011
0.453297  1.428042  0.823583
0.454128  1.430140  0.826143
0.454960  1.432252  0.828690
0.455792  1.434377  0.831226
0.456623  1.436515  0.833749
0.457455  1.438666  0.836260
0.458287  1.440830  0.838759
0.459118  1.443007  0.841245
0.459950  1.445195  0.843719
0.460782  1.447396  0.846180
0.461613  1.449609  0.848628
0.462445  1.451834  0.851064
0.463277  1.454070  0.853486
0.464108  1.456318  0.855896
0.464940  1.458577  0.858292
0.465772  1.460847  0.860676
0.466603  1.463128  0.863046
0.467435  1.465421  0.865403
0.468267  1.467723  0.867747
0.469098  1.470036  0.870078
0.469930  1.472360  0.872395
0.470762  1.474693  0.874698
0.471593  1.477037  0.876988
0.472425  1.479390  0.879265
0.473257  1.481753  0.881527
0.474088  1.484125  0.883777
0.474920  1.486507  0.886012
0.475752  1.488898  0.888234
0.476583  1.491298  0.890441
0.477415  1.493706  0.892635
0.478246  1.496124  0.894815
0.479078  1.498550  0.896981
0.479910  1.500984  0.899133
0.480741  1.503426  0.901271
0.481573  1.505877  0.903395
0.482405  1.508335  0.905504
0.483236  1.510802  0.907600
0.484068  1.513276  0.909681
0.484900  1.515757  0.911749
0.485731  1.518246  0.913802
0.486563  1.520741  0.915840
0.487395  1.523244  0.917865
0.488226  1.525754  0.919875
0.489058  1.528271  0.921871
0.489890  1.530794  0.923852
0.490721  1.533323  0.925819
0.491553  1.535859  0.927772
0.492385  1.538401  0.929710
0.493216  1.540949  0.931634
0.494048  1.543504  0.933543
0.494880  1.546063  0.935438
0.495711  1.548629  0.937318
0.496543  1.551200  0.939184
0.497375  1.553776  0.941036
0.498206  1.556358  0.942873
0.499038  1.558945  0.944695
0.499870  1.561536  0.946503
0.500701  1.564133  0.948297
0.501533  1.566734  0.950076
0.502365  1.569340  0.951840
0.503196  1.571951  0.953590
0.504028  1.574566  0.955325
0.504860  1.577185  0.957046
0.505691  1.579808  0.958753
0.506523  1.582435  0.960445
0.507355  1.585066  0.962122
0.508186  1.587700  0.963785
0.509018  1.590339  0.965434
0.509850  1.592981  0.967068
0.510681  1.595626  0.968687
0.511513  1.598274  0.970293
0.512345  1.600926  0.971883
0.513176  1.603581  0.973460
0.514008  1.606239  0.975022
0.514840  1.608899  0.976569
0.515671  1.611562  0.978102
0.516503  1.614228  0.979621
0.517335  1.616896  0.981126
0.518166  1.619567  0.982616
0.518998  1.622240  0.984092
0.519830  1.624915  0.985554
0.520661  1.627592  0.987001
0.521493  1.630271  0.988434
0.522325  1.632952  0.989853
0.523156  1.635635  0.991258
0.523988  1.638320  0.992649
0.524820  1.641005  0.994025
0.525651  1.643693  0.995388
0.526483  1.646381  0.996736
0.527315  1.649071  0.998071
0.528146  1.651763  0.999391
0.528978  1.654455  1.000697
0.529810  1.657148  1.001990
0.530641  1.659842  1.003269
0.531473  1.662536  1.004533
0.532305  1.665232  1.005784
0.533136  1.667928  1.007021
0.533968  1.670624  1.008245
0.534800  1.673321  1.009454
0.535631  1.676018  1.010650
0.536463  1.678715  1.011833
0.537295  1.681413  1.013001
0.538126  1.684110  1.014157
0.538958  1.686808  1.015298
0.539790  1.689505  1.016426
0.540621  1.692202  1.017541
0.541453  1.694899  1.018642
0.542285  1.697595  1.019730
0.543116  1.700291  1.020805
0.543948  1.702987  1.021866
0.544780  1.705681  1.022914
0.545611  1.708375  1.023949
0.546443  1.711069  1.024971
0.547275  1.713761  1.025980
0.548106  1.716452  1.026975
0.548938  1.719143  1.027958
0.549770  1.721832  1.028928
0.550601  1.724520  1.029885
0.551433  1.727206  1.030829
0.552265  1.729892  1.031760
0.553096  1.732576  1.032678
0.553928  1.735258  1.033584
0.554760  1.737939  1.034477
0.555591  1.740619  1.035358
0.556423  1.743296  1.036226
0.557255  1.745972  1.037081
0.558086  1.748646  1.037924
0.558918  1.751318  1.038755
0.559749  1.753989  1.039573
0.560581  1.756657  1.040379
0.561413  1.759323  1.041173
0.562244  1.761986  1.041955
0.563076  1.764648  1.042724
0.563908  1.767307  1.043482
0.564739  1.769964  1.044227
0.565571  1.772619  1.044961
0.566403  1.775271  1.045682
0.567234  1.777920  1.046392
0.568066  1.780567  1.047090
0.568898  1.783211  1.047776
0.569729  1.785853  1.048451
0.570561  1.788491  1.049114
0.571393  1.791127  1.049766
0.572224  1.793760  1.050406
0.573056  1.796390  1.051034
0.573888  1.799017  1.051651
0.574719  1.801641  1.052257
0.575551  1.804262  1.052852
0.576383  1.806879  1.053436
0.577214  1.809494  1.054008
0.578046  1.812105  1.054569
0.578878  1.814713  1.055119
0.579709  1.817317  1.055659
0.580541  1.819918  1.056187
0.581373  1.822516  1.056705
0.582204  1.825109  1.057212
0.583036  1.827700  1.057708
0.583868  1.830287  1.058193
0.584699  1.832870  1.058668
0.585531  1.835449  1.059133
0.586363  1.838025  1.059587
0.587194  1.840596  1.060030
0.588026  1.843164  1.060463
0.588858  1.845728  1.060886
0.589689  1.848288  1.061299
0.590521  1.850845  1.061702
0.591353  1.853397  1.062094
0.592184  1.855945  1.062476
0.593016  1.858488  1.062849
0.593848  1.861028  1.063212
0.594679  1.863564  1.063564
0.595511  1.866095  1.063907
0.596343  1.868622  1.064241
0.597174  1.871145  1.064564
0.598006  1.873663  1.064878
0.598838  1.876178  1.065183
0.599669  1.878687  1.065478
0.600501  1.881192  1.065764
0.601333  1.883693  1.066040
0.602164  1.886189  1.066307
0.602996  1.888681  1.066565
0.603828  1.891168  1.066813
0.604659  1.893651  1.067053
0.605491  1.896129  1.067284
0.606323  1.898602  1.067505
0.607154  1.901070  1.067718
0.607986  1.903534  1.067922
0.608818  1.905993  1.068117
0.609649  1.908447  1.068303
0.610481  1.910896  1.068481
0.611313  1.913341  1.068650
0.612144  1.915780  1.068811
0.612976  1.918215  1.068963
0.613808  1.920645  1.069107
0.614639  1.923070  1.069242
0.615471  1.925490  1.069370
0.616303  1.927904  1.069489
0.617134  1.930314  1.069599
0.617966  1.932719  1.069702
0.618798  1.935118  1.069797
0.619629  1.937513  1.069883
0.620461  1.939902  1.069962
0.621293  1.942287  1.070033
0.622124  1.944666  1.070096
0.622956  1.947040  1.070152
0.623788  1.949408  1.070199
0.624619  1.951772  1.070239
0.625451  1.954130  1.070272
0.626283  1.956483  1.070297
0.627114  1.958831  1.070315
0.627946  1.961173  1.070325
0.628778  1.963510  1.070328
0.629609  1.965842  1.070324
0.630441  1.968168  1.070312
0.631273  1.970489  1.070293
0.632104  1.972805  1.070268
0.632936  1.975115  1.070235
0.633768  1.977420  1.070195
0.634599  1.979719  1.070149
0.635431  1.982013  1.070095
0.636263  1.984301  1.070035
0.637094  1.986584  1.069968
0.637926  1.988862  1.069894
0.638758  1.991134  1.069814
0.639589  1.993400  1.069727
0.640421  1.995661  1.069634
0.641253  1.997917  1.069534
0.642084  2.000167  1.069428
0.642916  2.002411  1.069315
0.643747  2.004650  1.069196
0.644579  2.006883  1.069071
0.645411  2.009111  1.068940
0.646242  2.011333  1.068803
0.647074  2.013549  1.068659
0.647906  2.015760  1.068510
0.648737  2.017965  1.068354
0.649569  2.020165  1.068193
0.650401  2.022359  1.068026
0.651232  2.024547  1.067853
0.652064  2.026730  1.067674
0.652896  2.028907  1.067489
0.653727  2.031079  1.067299
0.654559  2.033245  1.067104
0.655391  2.035405  1.066902
0.656222  2.037559  1.066695
0.657054  2.039708  1.066483
0.657886  2.041851  1.066266
0.658717  2.043989  1.066043
0.659549  2.046121  1.065814
0.660381  2.048247  1.065581
0.661212  2.050367  1.065342
0.662044  2.052482  1.065098
0.662876  2.054591  1.064849
0.663707  2.056695  1.064595
0.664539  2.058793  1.064336
0.665371  2.060885  1.064072
0.666202  2.062971  1.063803
0.667034  2.065052  1.063529
0.667866  2.067127  1.063251
0.668697  2.069197  1.062967
0.669529  2.071260  1.062679
0.670361  2.073319  1.062386
0.671192  2.075371  1.062089
0.672024  2.077418  1.061786
0.672856  2.079459  1.061480
0.673687  2.081494  1.061169
0.674519  2.083524  1.060853
0.675351  2.085548  1.060533
0.676182  2.087567  1.060209
0.677014  2.089580  1.059880
0.677846  2.091587  1.059547
0.678677  2.093589  1.059209
0.679509  2.095584  1.058868
0.680341  2.097575  1.058522
0.681172  2.099560  1.058172
0.682004  2.101539  1.057818
0.682836  2.103512  1.057460
0.683667  2.105480  1.057098
0.684499  2.107442  1.056732
0.685331  2.109399  1.056362
0.686162  2.111350  1.055989
0.686994  2.113296  1.055611
0.687826  2.115236  1.055229
0.688657  2.117170  1.054844
0.689489  2.119099  1.054455
0.690321  2.121022  1.054062
0.691152  2.122940  1.053666
0.691984  2.124852  1.053266
0.692816  2.126759  1.052862
0.693647  2.128660  1.052455
0.694479  2.130556  1.052044
0.695311  2.132446  1.051630
0.696142  2.134331  1.051212
0.696974  2.136210  1.050791
0.697806  2.138084  1.050367
0.698637  2.139953  1.049939
0.699469  2.141816  1.049507
0.700301  2.143673  1.049073
0.701132  2.145525  1.048635
0.701964  2.147372  1.048194
0.702796  2.149213  1.047750
0.703627  2.151049  1.047303
0.704459  2.152880  1.046852
0.705291  2.154705  1.046399
0.706122  2.156525  1.045942
0.706954  2.158339  1.045482
0.707786  2.160149  1.045019
0.708617  2.161952  1.044554
0.709449  2.163751  1.044085
0.710281  2.165544  1.043613
0.711112  2.167332  1.043139
0.711944  2.169115  1.042661
0.712776  2.170892  1.042181
0.713607  2.172665  1.041698
0.714439  2.174432  1.041212
0.715271  2.176194  1.040724
0.716102  2.177950  1.040232
0.716934  2.179702  1.039738
0.717766  2.181448  1.039242
0.718597  2.183189  1.038742
0.719429  2.184925  1.038240
0.720261  2.186656  1.037736
0.721092  2.188381  1.037228
0.721924  2.190102  1.036719
0.722756  2.191818  1.036206
0.723587  2.193528  1.035691
0.724419  2.195234  1.035174
0.725251  2.196934  1.034654
0.726082  2.198629  1.034132
0.726914  2.200320  1.033607
0.727745  2.202005  1.033080
0.728577  2.203685  1.032551
0.729409  2.205361  1.032019
0.730240  2.207031  1.031485
0.731072  2.208697  1.030949
0.731904  2.210357  1.030410
0.732735  2.212013  1.029869
0.733567  2.213664  1.029326
0.734399  2.215310  1.028781
0.735230  2.216951  1.028233
0.736062  2.218587  1.027683
0.736894  2.220218  1.027131
0.737725  2.221845  1.026577
0.738557  2.223467  1.026021
0.739389  2.225084  1.025463
0.740220  2.226696  1.024902
0.741052  2.228303  1.024340
0.741884  2.229906  1.023775
0.742715  2.231504  1.023209
0.743547  2.233097  1.022640
0.744379  2.234686  1.022069
0.745210  2.236270  1.021497
0.746042  2.237849  1.020922
0.746874  2.239424  1.020346
0.747705  2.240994  1.019767
0.748537  2.242559  1.019187
0.749369  2.244120  1.018605
0.750200  2.245676  1.018021
0.751032  2.247228  1.017435
0.751864  2.248775  1.016847
0.752695  2.250318  1.016257
0.753527  2.251856  1.015666
0.754359  2.253389  1.015073
0.755190  2.254919  1.014478
0.756022  2.256443  1.013881
0.756854  2.257963  1.013283
0.757685  2.259479  1.012682
0.758517  2.260990  1.012080
0.759349  2.262497  1.011477
0.760180  2.264000  1.010871
0.761012  2.265498  1.010264
0.761844  2.266992  1.009656
0.762675  2.268481  1.009045
0.763507  2.269966  1.008433
0.764339  2.271447  1.007820
0.765170  2.272924  1.007205
0.766002  2.274396  1.006588
0.766834  2.275864  1.005970
0.767665  2.277328  1.005350
0.768497  2.278787  1.004729
0.769329  2.280242  1.004106
0.770160  2.281693  1.003481
0.770992  2.283140  1.002855
0.771824  2.284583  1.002228
0.772655  2.286021  1.001599
0.773487  2.287456  1.000969
0.774319  2.288886  1.000337
0.775150  2.290312  0.999704
0.775982  2.291734  0.999069
0.776814  2.293151  0.998433
0.777645  2.294565  0.997796
0.778477  2.295975  0.997157
0.779309  2.297380  0.996517
0.780140  2.298782  0.995876
0.780972  2.300180  0.995233
0.781804  2.301573  0.994589
0.782635  2.302963  0.993944
0.783467  2.304348  0.993297
0.784299  2.305730  0.992650
0.785130  2.307107  0.992001
0.785962  2.308481  0.991350
0.786794  2.309850  0.990699
0.787625  2.311216  0.990046
0.788457  2.312578  0.989392
0.789289  2.313936  0.988737
0.790120  2.315290  0.988081
0.790952  2.316640  0.987424
0.791784  2.317986  0.986765
0.792615  2.319328  0.986106
0.793447  2.320667  0.985445
0.794279  2.322002  0.984783
0.795110  2.323332  0.984121
0.795942  2.324659  0.983457
0.796774  2.325982  0.982792
0.797605  2.327302  0.982126
0.798437  2.328617  0.981460
0.799269  2.329929  0.980792
0.800100  2.331237  0.980123
0.800932  2.332541  0.979454
0.801764  2.333842  0.978783
0.802595  2.335138  0.978112
0.803427  2.336431  0.977440
0.804259  2.337721  0.976767
0.805090  2.339006  0.976093
0.805922  2.340288  0.975418
0.806754  2.341566  0.974743
0.807585  2.342840  0.974067
0.808417  2.344111  0.973390
0.809248  2.345378  0.972712
0.810080  2.346641  0.972034
0.810912  2.347901  0.971355
0.811743  2.349157  0.970675
0.812575  2.350409  0.969995
0.813407  2.351658  0.969314
0.814238  2.352902  0.968633
0.815070  2.354144  0.967951
0.815902  2.355381  0.967268
0.816733  2.356615  0.966585
0.817565  2.357846  0.965902
0.818397  2.359072  0.965218
0.819228  2.360295  0.964534
0.820060  2.361515  0.963849
0.820892  2.362730  0.963164
0.821723  2.363943  0.962479
0.822555  2.365151  0.961793
0.823387  2.366356  0.961107
0.824218  2.367557  0.960421
0.825050  2.368755  0.959734
0.825882  2.369949  0.959048
0.826713  2.371139  0.958361
0.827545  2.372326  0.957674
0.828377  2.373509  0.956987
0.829208  2.374689  0.956300
0.830040  2.375865  0.955613
0.830872  2.377037  0.954926
0.831703  2.378206  0.954239
0.832535  2.379371  0.953552
0.833367  2.380532  0.952865
0.834198  2.381690  0.952179
0.835030  2.382844  0.951492
0.835862  2.383995  0.950806
0.836693  2.385142  0.950120
0.837525  2.386285  0.949435
0.838357  2.387425  0.948750
0.839188  2.388561  0.948065
0.840020  2.389693  0.947381
0.840852  2.390822  0.946697
0.841683  2.391947  0.946014
0.842515  2.393068  0.945331
0.843347  2.394186  0.944649
0.844178  2.395299  0.943967
0.845010  2.396410  0.943287
0.845842  2.397516  0.942607
0.846673  2.398619  0.941928
0.847505  2.399718  0.941249
0.848337  2.400814  0.940572
0.849168  2.401905  0.939896
0.850000  2.402993  0.939221
